0 1.91338 -0.00614997 7.35734 -0.0521195 1.84698 -0.651494 0.051087 1 3
0 1.72838 -0.00492 7.51851 0.0204356 2.01455 0.906939 0.071438 2 3
0 1.9137 -0.00990006 7.46548 -0.0335374 -0.662804 -0.674663 0.068395 3 3
0 1.89441 -0.0152082 7.42178 -0.0630103 -0.546241 -0.36841 0.069726 4 4
0 1.90231 -0.0205568 7.23582 -0.0579182 -2.32455 0.063651 0.057163 5 4
0 1.95806 -0.0256598 7.41431 -0.0645208 2.23114 -0.0825332 0.058229 6 4
0 1.88827 -0.0305621 7.35784 -0.0617559 -0.705916 0.0345613 0.063368 7 6
0 1.75284 -0.0317675 7.49363 -0.084839 1.69742 -0.288539 0.056687 8 5
0 1.70633 -0.0321615 7.29849 -0.0602555 -2.43921 0.307294 0.056228 9 5
0 1.84303 -0.0354249 7.46614 -0.0873796 2.09561 -0.339051 0.056509 10 5
0 1.77861 -0.0380867 7.26399 -0.0592877 -2.52693 0.351149 0.06258 11 5
0 1.63975 -0.0382581 7.44274 -0.025639 2.23438 0.420609 0.05832 12 5
0 1.68784 -0.0400842 7.26042 -0.0271293 -2.27902 -0.0186285 0.059812 13 5
0 1.59685 -0.0412338 7.41309 -0.0243938 1.9084 0.0341937 0.0561 14 5
0 1.66073 -0.0442474 7.26016 -0.0294868 -1.91166 -0.0636634 0.061623 15 5
0 2.48361 -0.0578959 7.46089 -0.140086 2.50915 -1.38248 0.053416 16 5
0 2.31349 -0.056188 7.38349 -0.00361094 -0.967491 1.70593 0.078947 17 7
0 2.09235 -0.0605278 7.4762 -0.0375987 1.15886 -0.424847 0.063459 18 5
0 2.11405 -0.0640039 7.26864 -0.0392446 -2.59445 -0.0205741 0.052688 19 5
0 0.570363 -0.0512283 7.3653 0.115626 1.20817 1.93589 0.056172 20 4
0 0.381863 -0.0412933 7.17281 0.0848355 -2.40612 -0.384885 0.050312 21 4
0 -0.466253 -0.0396594 7.23174 0.0343645 0.736678 -0.630887 0.030983 22 0
0 -0.39381 -0.0392836 7.03563 0.0229576 -2.45137 -0.142587 0.029964 23 0
0 -0.468421 -0.036601 7.22026 0.0491509 2.30792 0.327416 0.029778 24 0
0 -0.432908 -0.0354048 7.0222 0.0371781 -2.47579 -0.14966 0.040805 25 0
0 -0.385823 -0.035051 7.20715 0.0309112 2.31187 -0.0783357 0.030862 26 0
0 0.101767 -0.028045 7.29855 0.0425006 1.14248 0.144868 0.045113 27 7
0 -0.355569 -0.028948 7.20967 0.0191989 -1.11094 -0.291272 0.028563 28 0
0 0.19188 -0.0231608 7.27439 0.0205793 0.808936 0.0172549 0.052196 29 7
0 -0.271999 -0.0025771 7.43167 0.162819 1.96595 1.77799 0.062273 30 7
0 -0.254743 0.0133131 7.21377 0.0979798 -2.7237 -0.810485 0.052184 31 4
0 -0.449559 0.0265124 7.39146 0.100508 2.22116 0.0316007 0.064558 32 1
0 -0.373107 0.0363315 7.14648 0.0920664 -3.06234 -0.105518 0.059501 33 0
0 -0.320781 0.0439839 7.40629 0.0469149 3.24764 -0.564393 0.063101 34 1
0 0.810143 0.0349956 7.14983 -0.117736 -3.20575 -2.05813 0.067043 35 4
0 1.09157 0.0259093 7.4046 -0.111549 3.18465 0.0773342 0.056359 36 1
0 1.09473 0.0174535 7.14201 -0.102267 -3.28233 0.116029 0.069859 37 0
0 0.891537 0.0132943 7.50185 -0.059967 4.49794 0.528745 0.06038 38 2
0 1.07788 0.00553213 7.13952 -0.101418 -4.52905 -0.518133 0.063134 39 0
0 0.974297 -0.00236527 7.33268 -0.102634 2.41448 -0.0152081 0.071376 40 0
0 0.950111 -0.00735445 7.13348 -0.0788317 -2.49006 0.297533 0.060134 41 0
0 0.941071 -0.0147041 7.43666 -0.104251 3.78976 -0.317747 0.054435 42 6
0 0.756429 -0.0178467 7.18088 -0.0563861 -3.19726 0.598316 0.054024 43 5
0 0.768691 -0.020006 7.30488 -0.051154 1.5501 0.0654018 0.068469 44 4
0 0.658094 -0.0233389 7.11159 -0.0599396 -2.41616 -0.109819 0.057014 45 4
0 0.676426 -0.0262788 7.30337 -0.0558905 2.39718 0.0506132 0.052442 46 4
0 0.54072 -0.0287784 7.13194 -0.0523242 -2.14287 0.0445785 0.051516 47 0
0 0.59604 -0.0299795 7.30287 -0.0325224 2.13665 0.247522 0.057207 48 4
0 0.416518 -0.0300841 7.23508 -0.0469885 -0.847363 -0.180826 0.061185 49 7
0 0.445201 -0.0327719 7.40625 -0.0660741 2.13959 -0.23857 0.060132 50 6
0 0.369108 -0.0337456 7.15027 -0.041407 -3.19971 0.308338 0.063838 51 5
0 0.391285 -0.0346129 7.291 -0.0381951 1.75917 0.0401484 0.057324 52 4
0 0.346751 -0.0374736 7.10169 -0.0500568 -2.36644 -0.148271 0.056608 53 4
0 0.239081 -0.0385485 7.31472 -0.0337821 2.66289 0.203434 0.055445 54 0
0 0.309914 -0.0443637 7.09801 -0.0802938 -2.70891 -0.581396 0.054672 55 4
0 0.191892 -0.0497892 7.47605 -0.102475 4.72556 -0.277268 0.057367 56 5
0 0.161129 -0.0495744 7.20761 -0.0487937 -3.35544 0.671019 0.070747 57 7
0 0.127462 -0.0498691 7.3935 -0.0412919 2.32356 0.0937731 0.057736 58 6
0 0.133912 -0.0490766 7.11438 -0.00379953 -3.48897 0.468654 0.054718 59 5
0 0.0157557 -0.0501062 7.32111 -0.0198885 2.58415 -0.201112 0.062704 60 5
0 0.0268418 -0.0504582 7.13236 -0.0263393 -2.35938 -0.0806354 0.061694 61 5
0 0.0058551 -0.0526041 7.43301 -0.0497895 3.75809 -0.293127 0.061641 62 6
0 -0.0444677 -0.0569072 7.42163 -0.0733266 -0.142211 -0.294213 0.061448 63 6
0 -0.00790702 -0.0611247 7.45768 -0.078207 0.450623 -0.0610052 0.061021 64 6
0 -0.0997701 -0.0598742 7.41634 -0.0124258 -0.516838 0.822265 0.059182 65 5
0 -0.066839 -0.0629859 7.48958 -0.0341201 0.915575 -0.271179 0.060816 66 5
0 -0.129798 -0.0604624 7.52347 0.00174083 0.423592 0.448262 0.068542 67 5
0 0.000741327 -0.0669919 7.56285 -0.0835449 0.492239 -1.06607 0.058929 68 0
0 -0.077153 -0.0712741 7.64735 -0.0579717 1.05625 0.319665 0.051264 69 5
0 -0.11124 -0.0767801 7.723 -0.0710466 0.945604 -0.163437 0.060739 70 5
0 -0.171978 -0.075298 7.72684 -0.00635348 0.0480771 0.808665 0.058978 71 0
0 -0.0181364 -0.0800413 7.78143 -0.0704254 0.682372 -0.800898 0.068109 72 4
0 -0.110174 -0.0775645 7.81849 -0.0112733 0.463182 0.7394 0.059878 73 4
0 -0.0822559 -0.0806424 7.89826 -0.0548833 0.997126 -0.545125 0.064014 74 4
0 -0.03181 -0.0843375 7.93473 -0.0575092 0.455886 -0.0328239 0.063285 75 4
0 -0.180448 -0.0876468 8.01892 -0.040689 1.05242 0.210253 0.055349 76 4
0 -0.123692 -0.0900955 8.03935 -0.0422111 0.255311 -0.0190265 0.057295 77 4
0 -0.17154 -0.0902352 8.0792 -0.0207108 0.498199 0.268755 0.064269 78 4
0 -0.317343 -0.0903055 8.08296 -0.0287759 0.0469327 -0.100815 0.060876 79 0
0 -0.451372 -0.0933034 8.14919 -0.0382645 0.827897 -0.118607 0.052786 80 0
0 -0.434997 -0.0969568 8.16097 -0.041296 0.147319 -0.0378937 0.059492 81 0
0 -0.591123 -0.0977771 8.17933 -0.0156067 0.229466 0.321115 0.064605 82 0
0 -0.675745 -0.0968601 8.14549 0.0186654 -0.423002 0.428402 0.07861 83 4
0 -0.802522 -0.0945692 8.20619 0.0271416 0.758743 0.105952 0.073859 84 4
0 -1.04572 -0.0898507 8.19125 0.0434204 -0.186718 0.203485 0.063696 85 0
0 -1.16054 -0.0863786 8.26836 0.0307662 0.963855 -0.158178 0.058149 86 5
0 -1.184 -0.0822996 8.32346 0.0543254 0.688744 0.29449 0.062108 87 6
0 -1.29507 -0.0751236 8.33231 0.0885462 0.110602 0.42776 0.059974 88 6
0 -1.17582 -0.0723204 8.30459 0.0533289 -0.34647 -0.440216 0.066281 89 6
0 -1.21479 -0.0686242 8.1944 0.0515957 -1.37746 -0.0216658 0.063256 90 0
0 -1.30941 -0.0644851 8.17055 0.0574673 -0.298095 0.0733954 0.057347 91 0
0 -1.29066 -0.0588239 8.17841 0.0759545 0.0983119 0.231089 0.060714 92 0
0 -1.17432 -0.0567233 8.13733 0.0409508 -0.513589 -0.437546 0.055121 93 4
0 -1.25095 -0.0527542 8.15016 0.0591679 0.160372 0.227713 0.055628 94 4
0 -1.25352 -0.0489278 8.13199 0.0543199 -0.227106 -0.0605999 0.065004 95 0
0 -1.2961 -0.0448034 8.13523 0.0563475 0.0405788 0.0253448 0.06095 96 0
0 -1.32808 -0.0404392 8.10627 0.0600483 -0.362086 0.04626 0.061331 97 0
0 -1.35641 -0.0364807 8.11185 0.0533129 0.0697374 -0.0841917 0.062706 98 0
0 -1.3128 -0.0347223 8.08366 0.0299474 -0.352323 -0.292069 0.060632 99 0
0 -1.33757 -0.0307044 8.07681 0.0685855 -0.0855804 0.482976 0.056398 100 4
0 -1.31834 -0.0273684 8.04652 0.0610757 -0.378656 -0.0938721 0.056668 101 4
0 -1.31589 -0.0256942 8.0487 0.0433931 0.0271916 -0.221032 0.063471 102 4
0 -1.33119 -0.0227728 8.18867 0.0604064 1.74971 0.212666 0.063901 103 3
0 -1.27748 -0.0192356 8.13733 0.0576144 -0.641799 -0.0349 0.062654 104 2
0 -1.23886 -0.0179025 8.03304 0.0438854 -1.30357 -0.171613 0.049746 105 1
0 -1.18652 -0.0148732 8.00356 0.0564806 -0.368488 0.15744 0.06847 106 4
0 -1.22011 -0.012025 7.98707 0.0395876 -0.206226 -0.211163 0.056933 107 0
0 -0.990073 -0.0131957 7.9986 0.0151053 0.14416 -0.306029 0.052805 108 4
0 -0.994103 -0.0119265 7.98134 0.0391971 -0.215793 0.301148 0.057164 109 4
0 -1.01765 -0.0112447 7.99751 0.0269656 0.202215 -0.152893 0.075907 110 4
0 -1.03716 -0.0092464 7.98451 0.0664391 -0.162482 0.493419 0.058762 111 3
0 -0.895196 -0.0080059 7.99416 0.0645881 0.120622 -0.0231379 0.063931 112 3
0 -0.889731 -0.0024524 8.02542 0.0781974 0.390685 0.170117 0.063728 113 1
0 -0.803104 -0.00138659 8.10179 0.0412701 0.954676 -0.461592 0.064137 114 6
0 -0.790885 -0.00095334 8.09528 0.0283909 -0.081408 -0.16099 0.06911 115 6
0 -0.710541 -0.000535992 8.04301 0.0194792 -0.653386 -0.111396 0.062621 116 1
0 -0.737481 0.000374956 7.98792 0.0303771 -0.688559 0.136225 0.058961 117 4
0 -0.632648 0.000436918 8.01566 0.0222036 0.346679 -0.102169 0.061678 118 4
0 -0.824982 0.0108892 8.205 0.149133 2.36673 1.58662 0.057004 119 3
0 -0.543709 0.012732 8.00309 0.0529806 -2.52379 -1.20191 0.064742 120 5
0 -0.564086 0.0175659 8.03968 0.0582815 0.457275 0.0662619 0.059201 121 5
0 -0.582906 0.0214536 8.09414 0.0281924 0.68084 -0.376114 0.076078 122 5
0 -0.263857 0.0176567 8.25179 0.0071096 1.97058 -0.263535 0.062781 123 7
0 -0.515475 0.0244953 8.28771 0.102526 0.448954 1.19271 0.062383 124 7
0 -0.202308 0.0206068 8.10887 -0.0180937 -2.23539 -1.50775 0.07391 125 0
0 -0.148669 0.0219841 8.16077 0.0288869 0.648749 0.587256 0.063238 126 0
0 -0.245353 0.0237224 8.17445 0.0346268 0.170946 0.0717497 0.062425 127 0
0 -0.15659 0.0263984 8.22183 0.0471185 0.592244 0.156146 0.063867 128 0
0 0.0213919 0.0267905 8.25629 0.0248516 0.430751 -0.278337 0.061668 129 0
0 0.145313 0.0249857 8.16401 0.0103532 -1.15354 -0.181229 0.065269 130 0
0 0.134225 0.0245356 8.33394 0.0533728 2.12412 0.537745 0.067004 131 0
0 0.237355 0.0221007 8.45239 0.0429248 1.4807 -0.1306 0.064804 132 0
0 0.209814 0.0207619 8.47628 0.045973 0.298595 0.0381018 0.064784 133 0
0 0.444097 0.0176422 8.30719 0.0155698 -2.11356 -0.38004 0.061299 134 0
0 0.439373 0.0152829 8.31838 0.0116663 0.139856 -0.0487943 0.072817 135 0
0 0.478565 0.0130913 8.35046 0.017153 0.400984 0.0685835 0.06784 136 0
0 0.51221 0.0115587 8.46108 0.0190964 1.38274 0.0242928 0.062541 137 0
0 0.662081 0.0103406 8.47498 0.0245677 0.173783 0.068391 0.062775 138 0
0 0.741208 0.00947547 8.46251 0.0209035 -0.155985 -0.0458026 0.065183 139 0
0 0.768943 0.00851271 8.48532 0.0257394 0.285232 0.0604496 0.057937 140 0
0 0.877874 0.00782741 8.47558 0.0225421 -0.121832 -0.0399666 0.066532 141 0
0 0.971769 0.00722171 8.5005 0.0206852 0.311482 -0.0232111 0.060707 142 0
0 0.926605 0.00690123 8.48302 0.0286533 -0.218415 0.0996018 0.076756 143 0
0 0.970739 0.00645377 8.50421 0.026229 0.264871 -0.030304 0.068771 144 0
0 1.03095 0.00611931 8.48611 0.0316037 -0.226223 0.0671831 0.062871 145 0
0 1.08496 0.00601451 8.50002 0.0293554 0.173855 -0.0281032 0.061939 146 0
0 1.07793 0.005756 8.4807 0.0209745 -0.241518 -0.104762 0.066058 147 0
0 1.03799 0.00557256 8.56691 0.032171 1.07764 0.139956 0.05813 148 1
0 -0.83334 0.010959 8.51788 0.0636373 -0.612962 0.393328 0.047436 149 3
0 -0.762476 0.0150825 8.52847 0.0490324 0.132489 -0.182561 0.031714 150 3
0 -0.770735 0.0203334 8.49968 0.0513981 -0.359881 0.0295715 0.034688 151 3
0 -0.694519 0.0228246 8.52153 0.0292771 0.273073 -0.276512 0.036223 152 3
0 -0.706957 0.0264876 8.29356 0.0411233 -2.84963 0.148077 0.033681 153 0
0 -0.67558 0.0253812 8.33081 0.00375436 0.465631 -0.467111 0.035473 154 0
0 -0.570377 0.0531858 8.37749 0.267128 0.583446 3.29218 0.058591 155 4
0 -0.574558 0.0747865 8.39421 0.200225 0.209022 -0.836294 0.062594 156 4
0 -0.625729 0.0934923 8.3384 0.175746 -0.697613 -0.305985 0.060173 157 4
0 -0.611211 0.111384 8.49443 0.147136 1.95038 -0.357628 0.068928 158 3
0 0.651075 0.107655 8.35643 -0.038859 -1.72493 -2.32494 0.058203 159 1
0 0.756871 0.0996722 8.33635 -0.0726579 -0.251031 -0.422485 0.063082 160 4
0 1.14596 0.083639 8.36217 -0.158453 0.322723 -1.07244 0.059862 161 4
0 1.25779 0.067307 8.38159 -0.166197 0.242686 -0.0967916 0.063176 162 4
0 1.05746 0.0592614 8.29278 -0.112885 -1.11005 0.66639 0.063585 163 0
0 0.850691 0.0558058 8.28175 -0.0689507 -0.137877 0.549184 0.079545 164 0
0 1.04101 0.0509965 8.34667 -0.0840487 0.811446 -0.188725 0.060344 165 6
0 1.13809 0.0450995 8.22521 -0.0831515 -1.51821 0.0112158 0.063582 166 4
0 1.03762 0.0381222 8.17949 -0.0977932 -0.571466 -0.183022 0.066774 167 4
0 0.997451 0.0321638 8.18021 -0.102975 0.00895262 -0.0647686 0.080721 168 0
0 0.996051 0.0278656 8.27573 -0.113038 1.19406 -0.125791 0.063446 169 7
0 0.97303 0.0212998 8.17871 -0.104381 -1.21284 0.108213 0.054639 170 5
0 0.964499 0.015156 8.13703 -0.104271 -0.520897 0.00137268 0.060144 171 5
0 0.998373 0.00943951 8.17996 -0.115735 0.536597 -0.143304 0.085083 172 6
0 0.81896 0.00583643 8.05544 -0.0836506 -1.55648 0.401061 0.064728 173 0
0 0.687489 8.73279e-05 8.16364 -0.104626 1.35244 -0.262195 0.055678 174 6
0 0.59598 -0.00255377 8.07394 -0.0712084 -1.12129 0.417723 0.066806 175 5
0 0.748866 -0.00944257 8.07731 -0.114149 0.0422001 -0.536762 0.057894 176 5
0 0.659579 -0.0114242 7.995 -0.0593664 -1.02893 0.684786 0.062557 177 4
0 0.525844 -0.0152868 8.06495 -0.0870457 0.874454 -0.345991 0.060684 178 5
0 0.470671 -0.0199264 8.03891 -0.103084 -0.325537 -0.200483 0.056152 179 5
0 0.512493 -0.0225618 8.05308 -0.0871699 0.177073 0.19893 0.058974 180 1
0 0.396177 -0.024778 8.08686 -0.0710571 0.422335 0.201409 0.061244 181 2
0 0.342677 -0.0255662 7.98145 -0.0600103 -1.3177 0.138086 0.058694 182 4
0 0.300734 -0.0294484 8.08956 -0.121199 1.35136 -0.764864 0.078002 183 3
0 0.196201 -0.0287996 7.97466 -0.0451799 -1.43625 0.950244 0.064698 184 4
0 0.167368 -0.0319425 8.11563 -0.105748 1.76218 -0.757099 0.060532 185 3
0 0.0755964 -0.0327806 8.03982 -0.0562974 -0.947678 0.61813 0.067911 186 0
0 0.135936 -0.0355297 7.91428 -0.0919411 -1.56918 -0.445546 0.075493 187 4
0 0.339604 -0.0461363 7.96233 -0.145129 0.600576 -0.664855 0.067211 188 4
0 0.157147 -0.0497204 8.0613 -0.0747933 1.23718 0.879202 0.069877 189 0
0 0.172501 -0.0549267 8.01471 -0.0995013 -0.582397 -0.30885 0.068585 190 4
0 0.0997529 -0.0557616 8.01849 -0.0517049 0.0472903 0.597455 0.065818 191 4
0 0.148255 -0.0636471 8.06258 -0.120894 0.551057 -0.864863 0.070996 192 4
0 0.181402 -0.069105 8.01662 -0.0770753 -0.574529 0.547732 0.080797 193 4
0 0.193926 -0.0726835 7.94989 -0.103772 -0.834084 -0.333703 0.059032 194 4
0 0.12407 -0.0756795 7.90555 -0.111481 -0.554293 -0.0963674 0.070726 195 4
0 0.156132 -0.0800598 7.98145 -0.08991 0.948781 0.269637 0.063251 196 4
0 0.150955 -0.0849899 7.99898 -0.0762007 0.219089 0.171366 0.057065 197 1
0 0.0319404 -0.0877988 7.79517 -0.108331 -2.54763 -0.401626 0.061028 198 0
0 0.0503111 -0.0946042 7.84021 -0.133238 0.563103 -0.311344 0.058708 199 2
0 0.054878 -0.102265 7.82005 -0.154798 -0.252038 -0.2695 0.058647 200 2
0 -0.0801948 -0.104059 7.69531 -0.105856 -1.5592 0.611779 0.055054 201 2
0 -0.21533 -0.104948 7.74987 -0.0775409 0.681925 0.353938 0.060428 202 2
0 -0.281816 -0.110483 7.60965 -0.111043 -1.75267 -0.418776 0.057284 203 0
0 -0.531999 -0.107893 7.60659 -0.0439361 -0.0383556 0.838836 0.061338 204 2
0 -0.587711 -0.109261 7.5194 -0.0718241 -1.08979 -0.348601 0.056509 205 0
0 -0.719541 -0.108816 7.46547 -0.0403332 -0.674152 0.393636 0.054301 206 4
0 -0.909759 -0.111201 7.40691 -0.0531591 -0.732011 -0.160323 0.08507 207 4
0 -1.13444 -0.107944 7.45268 0.0308799 0.572073 1.05049 0.057001 208 4
0 -1.4228 -0.099328 7.43845 0.0803219 -0.177825 0.618026 0.062562 209 1
0 -1.44412 -0.0940031 7.33719 0.0554419 -1.26574 -0.311001 0.058381 210 0
0 -1.42877 -0.0910421 7.25704 0.0395792 -1.00183 -0.198284 0.05956 211 0
0 -1.52514 -0.0857373 7.20537 0.0568955 -0.645959 0.216453 0.061563 212 0
0 -1.40429 -0.0838859 7.2152 0.029093 0.122881 -0.347531 0.061423 213 3
0 -1.41009 -0.0818298 7.16672 0.042088 -0.605935 0.162438 0.083169 214 3
0 -1.4982 -0.0778989 7.02086 0.0744618 -1.82333 0.404673 0.054515 215 1
0 -1.49861 -0.0735977 6.93138 0.0762289 -1.11842 0.0220886 0.059888 216 4
0 -1.43519 -0.0700222 6.93332 0.0709914 0.0241756 -0.0654691 0.080804 217 2
0 -1.48407 -0.0649519 6.93948 0.0894768 0.0770271 0.231068 0.061203 218 3
0 -1.41205 -0.0618824 6.8784 0.064838 -0.763536 -0.307986 0.061354 219 3
0 -1.4219 -0.0571727 6.85882 0.083503 -0.244689 0.233313 0.066644 220 3
0 -1.31502 -0.0547346 6.80447 0.0625606 -0.679362 -0.26178 0.05977 221 3
0 -1.43351 -0.0469177 6.75347 0.106709 -0.637543 0.551857 0.063547 222 1
0 -1.32096 -0.0411643 6.71745 0.0897976 -0.450218 -0.211395 0.067803 223 1
0 -1.34104 -0.034959 6.79683 0.0842995 0.992173 -0.0687261 0.065906 224 2
0 -1.35162 -0.0295998 6.78112 0.080966 -0.19629 -0.041669 0.058521 225 2
0 -1.30451 -0.0249443 6.77154 0.071233 -0.119811 -0.121662 0.055271 226 1
0 -1.12758 -0.0236468 6.71277 0.0404019 -0.734544 -0.385389 0.05761 227 0
0 -1.19642 -0.020985 6.76362 0.0537018 0.63563 0.166249 0.068538 228 0
0 -1.17417 -0.0188692 6.779 0.0481525 0.192255 -0.0693661 0.062527 229 0
0 -1.01586 -0.0152409 6.85942 0.0631874 1.0052 0.187935 0.059493 230 4
0 -1.0595 -0.013116 6.87965 0.0410388 0.252861 -0.276857 0.056743 231 0
0 -0.995308 -0.010493 6.94508 0.0468412 0.817907 0.0725301 0.056452 232 0
0 -0.916793 -0.0100598 6.98972 0.0305442 0.557995 -0.203713 0.060757 233 4
0 -0.932705 -0.00804797 7.04318 0.045488 0.66818 0.186798 0.062865 234 0
0 -0.816888 -0.0103627 7.06933 0.0047513 0.326955 -0.509209 0.059396 235 0
0 -0.868407 -0.00816985 7.15262 0.0439065 1.04115 0.489439 0.055643 236 0
0 -0.822513 -0.00594434 7.20249 0.0487611 0.623363 0.060683 0.055462 237 4
0 -0.755943 -0.00234797 7.27206 0.064325 0.869602 0.194549 0.072177 238 4
0 -0.80205 0.00158429 7.30662 0.0621423 0.431925 -0.0272836 0.067824 239 4
0 -0.705286 0.00483207 7.37173 0.0567216 0.813955 -0.0677587 0.068385 240 4
0 -0.687766 0.00405657 7.40001 0.0142015 0.353485 -0.531501 0.071581 241 4
0 -0.719741 0.00757023 7.46273 0.0585734 0.784034 0.554648 0.064737 242 4
0 -0.646549 0.013937 7.49317 0.0878367 0.380468 0.365792 0.066226 243 4
0 -0.440352 0.0147818 7.55095 0.0397015 0.722224 -0.601691 0.065904 244 4
0 -0.476462 0.0148752 7.57132 0.0347721 0.254679 -0.0616171 0.062992 245 4
0 -0.354513 0.0122744 7.6249 0.0080261 0.669652 -0.334325 0.065151 246 4
0 -0.304098 0.0104573 7.64749 0.0113045 0.282395 0.0409795 0.064617 247 4
0 -0.288702 0.00883696 7.69636 0.0182529 0.610924 0.0868556 0.066882 248 4
0 -0.195546 0.00749234 7.71425 0.0208457 0.223625 0.0324099 0.060504 249 4
0 -0.110223 0.0067936 7.762 0.0263343 0.596821 0.0686077 0.059387 250 4
0 0.00458186 0.00598794 7.77136 0.0316055 0.11698 0.0658905 0.064237 251 4
0 0.0879891 0.00525732 7.81098 0.0384576 0.495315 0.0856511 0.063055 252 4
0 0.140635 0.00475531 7.82279 0.0349912 0.147593 -0.0433305 0.067527 253 4
0 0.169829 0.00431131 7.86754 0.0292837 0.559413 -0.0713442 0.058215 254 4
0 0.260191 0.00416242 7.86554 0.0383834 -0.0250101 0.113747 0.056134 255 4
0 0.310326 0.00397457 7.90321 0.0360137 0.470817 -0.0296216 0.070173 256 4
0 0.481639 0.00355163 7.90203 0.0379644 -0.0146806 0.0243843 0.064182 257 4
0 0.444288 0.00354762 7.92921 0.0431513 0.339681 0.0648364 0.06829 258 4
0 0.565453 0.00358335 7.93369 0.0343942 0.0559986 -0.109465 0.061237 259 4
0 0.729452 0.00361284 7.95263 0.0453509 0.236845 0.13696 0.066185 260 4
0 0.719281 0.00352002 7.95435 0.0321821 0.02141 -0.16461 0.070505 261 4
0 0.722904 0.0038435 7.96669 0.0494844 0.154263 0.216279 0.060585 262 4
0 0.820689 0.00411238 7.96377 0.0403416 -0.0364423 -0.114286 0.059087 263 4
0 0.975709 0.00400375 7.9724 0.0521691 0.107837 0.147844 0.072942 264 4
0 -1.04881 0.0158305 8.03172 0.128732 0.741547 0.957038 0.037182 265 3
0 -0.950872 0.0201153 8.02528 0.0710565 -0.0805497 -0.720945 0.034089 266 3
0 -0.887995 0.0247765 8.02239 0.0625788 -0.0361323 -0.105972 0.035349 267 3
0 -0.788366 0.0245511 8.00445 0.0461441 -0.224197 -0.205433 0.035975 268 3
0 -0.728913 0.0267647 8.01572 0.0476797 0.140905 0.0191955 0.031319 269 3
0 -0.606467 0.0537556 7.98998 0.276486 -0.321823 2.86007 0.057566 270 4
0 -0.473316 0.0831544 8.15068 0.28826 2.00881 0.14718 0.081183 271 6
0 -0.65323 0.0769933 7.8994 -0.011807 -3.14104 -3.75084 0.051723 272 2
0 -0.515883 0.0953346 7.92745 0.191402 0.350577 2.54011 0.052819 273 4
0 -0.42571 0.109985 7.94103 0.151587 0.169772 -0.497682 0.061129 274 4
0 -0.229246 0.117743 7.92302 0.0803288 -0.225163 -0.890733 0.064515 275 4
0 0.143072 0.122275 7.94927 0.0444262 0.328159 -0.448783 0.056013 276 4
0 1.50934 0.0979954 8.16973 -0.251769 2.75576 -3.70245 0.062162 277 7
0 1.89308 0.0783272 8.17489 -0.216228 0.0645757 0.444264 0.067794 278 7
0 1.93247 0.0623664 8.15875 -0.181861 -0.201809 0.429587 0.06568 279 7
0 1.86111 0.0493951 8.17817 -0.148681 0.242746 0.414753 0.070866 280 7
0 1.92066 0.0390834 8.1619 -0.124082 -0.203407 0.307488 0.064644 281 7
0 1.76665 0.030602 8.01065 -0.110652 -1.89061 0.167872 0.060786 282 0
0 1.86449 0.022765 8.21286 -0.10021 2.52768 0.130524 0.065315 283 7
0 1.87881 0.0144508 8.05845 -0.109926 -1.93015 -0.121447 0.059135 284 0
0 1.80499 0.00668805 8.06888 -0.101534 0.130367 0.104904 0.056494 285 0
0 1.78668 0.00371891 8.1045 -0.0599225 0.445223 0.520141 0.060973 286 0
0 1.90772 -0.00777092 8.11963 -0.14825 0.189185 -1.1041 0.05799 287 0
0 1.93164 -0.0196946 8.16136 -0.157396 0.521612 -0.11432 0.059129 288 0
0 1.87731 -0.0337025 8.24111 -0.186839 0.996923 -0.368042 0.053858 289 1
0 1.85912 -0.0398947 8.22408 -0.0993417 -0.212932 1.09372 0.06127 290 0
0 1.79113 -0.0488237 8.28252 -0.139845 0.730491 -0.506295 0.057111 291 1
0 1.7758 -0.0558006 8.34699 -0.155762 0.805867 -0.198963 0.060345 292 2
0 1.8915 -0.0707261 8.35053 -0.220045 0.0442147 -0.803535 0.076587 293 2
0 1.87173 -0.0857287 8.37647 -0.210062 0.324273 0.124784 0.066984 294 1
0 1.65891 -0.0933248 8.33698 -0.112095 -0.493598 1.22459 0.070298 295 0
0 1.51588 -0.0928099 8.44978 -0.0696228 1.41 0.530905 0.0615 296 3
0 1.43613 -0.10732 8.37087 -0.197792 -0.986409 -1.60212 0.063169 297 0
0 1.45952 -0.119456 8.42205 -0.187252 0.639737 0.131756 0.062779 298 1
0 1.21301 -0.117188 8.46849 -0.0631773 0.580549 1.55093 0.065515 299 3
0 1.41604 -0.12738 8.55931 -0.155541 1.13531 -1.15454 0.061319 300 3
0 1.36681 -0.137291 8.52765 -0.163337 -0.395858 -0.0974556 0.065148 301 3
0 1.21651 -0.144717 8.47639 -0.166065 -0.64069 -0.0341035 0.056156 302 3
0 1.0942 -0.15405 8.59285 -0.141371 1.4558 0.308679 0.068373 303 3
0 0.981399 -0.159427 8.55009 -0.12687 -0.534511 0.181257 0.055687 304 3
0 0.909219 -0.157373 8.42584 -0.0939242 -1.55315 0.411827 0.057981 305 3
0 0.716371 -0.158348 8.60272 -0.0719023 2.21093 0.275273 0.062641 306 3
0 0.498433 -0.151352 8.49534 -0.0269395 -1.34218 0.562035 0.057331 307 3
0 0.393844 -0.148672 8.47316 -0.0823831 -0.277209 -0.693045 0.069393 308 3
0 0.372255 -0.145282 8.43253 -0.0952547 -0.507951 -0.160895 0.057384 309 3
0 0.193821 -0.131893 8.49129 -0.00578277 0.734472 1.1184 0.070375 310 3
0 0.115229 -0.123748 8.43869 -0.0740318 -0.657403 -0.853113 0.064392 311 3
0 0.11299 -0.124037 8.6139 -0.0585235 2.19002 0.193854 0.058399 312 3
0 0.16915 -0.125307 8.38798 -0.158113 -2.82389 -1.24487 0.054815 313 3
0 0.430724 -0.133154 8.55496 -0.123623 2.08724 0.431129 0.062953 314 3
0 0.241712 -0.137632 8.33191 -0.194383 -2.7882 -0.884503 0.0772 315 3
0 0.433171 -0.148267 8.52742 -0.127766 2.44391 0.832722 0.059 316 3
0 0.0654757 -0.156682 8.25149 -0.214735 -3.44909 -1.08712 0.058373 317 3
0 0.0410214 -0.142968 8.13698 -0.0680172 -1.43136 1.83397 0.058729 318 0
0 0.00226891 -0.141197 8.0717 -0.175785 -0.816 -1.3471 0.061309 319 0
0 -0.0476729 -0.144917 8.18308 -0.158044 1.3922 0.221762 0.059788 320 6
0 -0.188021 -0.149568 8.09581 -0.166877 -1.09087 -0.110414 0.059304 321 6
0 -0.278568 -0.146794 8.11045 -0.0821013 0.183022 1.0597 0.053049 322 7
0 -0.663961 -0.138911 8.03096 -0.052691 -0.993657 0.36763 0.054935 323 7
0 -1.03564 -0.129433 7.97403 -0.0388575 -0.71162 0.172918 0.061153 324 7
0 -1.2659 -0.124653 7.91299 -0.0473548 -0.763053 -0.106216 0.065466 325 7
0 -1.66258 -0.109439 8.0339 0.0706364 1.51139 1.47489 0.060471 326 7
0 -1.64828 -0.106844 7.86976 -0.0399191 -2.05169 -1.38194 0.050356 327 7
0 -1.55431 -0.124393 7.69839 -0.17881 -2.1421 -1.73614 0.054811 328 7
0 -1.83781 -0.126863 7.80856 -0.0250364 1.37714 1.92217 0.070959 329 7
0 -1.78826 -0.130177 7.74354 -0.0439663 -0.812787 -0.236624 0.052825 330 6
0 -1.83274 -0.121188 7.72486 0.067059 -0.233555 1.38782 0.053956 331 6
0 -1.7034 -0.122414 7.62328 -0.00954304 -1.26966 -0.957526 0.073425 332 6
0 -1.69239 -0.120879 7.52839 0.0352198 -1.18625 0.559536 0.06631 333 6
0 -1.63328 -0.117468 7.47671 0.0485321 -0.645924 0.166403 0.057539 334 5
0 -1.733 -0.112935 7.56685 0.0559699 1.12678 0.0929733 0.073071 335 6
0 -1.5298 -0.119834 7.40953 -0.0382957 -1.96652 -1.17832 0.064181 336 5
0 -1.66376 -0.11584 7.45872 0.0651756 0.614792 1.29339 0.061047 337 5
0 -1.53579 -0.116218 7.42956 0.0177563 -0.364429 -0.592741 0.06692 338 4
0 -1.38043 -0.115446 7.42437 0.0459263 -0.0649095 0.352124 0.05906 339 4
0 -1.33318 -0.11306 7.50465 0.0705113 1.00357 0.307313 0.053761 340 4
0 -1.16715 -0.118308 7.51873 -0.0102821 0.175899 -1.00992 0.054412 341 4
0 -1.13558 -0.116714 7.57121 0.0609699 0.656056 0.890651 0.073158 342 4
0 -1.13837 -0.121391 7.5712 -0.00108757 -0.000160933 -0.775719 0.051825 343 4
0 -1.03626 -0.130059 7.58213 -0.0317098 0.136679 -0.382778 0.056086 344 4
0 -1.12673 -0.130152 7.62289 0.0498211 0.509512 1.01914 0.062719 345 4
0 -0.992095 -0.130846 7.6649 0.0414453 0.525087 -0.104697 0.059023 346 4
0 -0.8961 -0.1368 7.63807 -0.00190772 -0.335425 -0.541913 0.056052 347 4
0 -0.747952 -0.142141 7.68675 -0.00115292 0.608504 0.009435 0.053476 348 4
0 -1.006 -0.136589 7.82532 0.126041 1.73212 1.58993 0.063307 349 3
0 -0.789295 -0.141964 7.69366 0.00637361 -1.64576 -1.49585 0.064262 350 4
0 -0.80343 -0.142771 7.67479 0.0611309 -0.235754 0.684466 0.068215 351 4
0 -0.634924 -0.146795 7.83818 0.0486705 2.04234 -0.155755 0.048708 352 3
0 -0.733478 -0.142228 7.83333 0.128662 -0.0606895 0.999892 0.05241 353 3
0 -0.649681 -0.143558 7.69546 0.0633117 -1.7234 -0.816877 0.063235 354 4
0 -0.639508 -0.142595 7.84174 0.093754 1.82859 0.380529 0.063508 355 3
0 -0.628293 -0.135164 7.85387 0.157614 0.151575 0.798249 0.05786 356 3
0 -0.496879 -0.134418 7.82678 0.105103 -0.338596 -0.656381 0.05806 357 3
0 -0.483487 -0.132716 7.86702 0.104409 0.503016 -0.00868067 0.056923 358 3
0 -0.187925 -0.139444 7.84804 0.0365725 -0.237209 -0.847957 0.056487 359 3
0 -0.0750776 -0.141961 7.74058 0.06 -1.34326 0.292844 0.05936 360 4
0 -0.101124 -0.145226 7.90626 0.0573556 2.07099 -0.0330556 0.055135 361 3
0 -0.0819927 -0.146395 7.92008 0.0910261 0.172657 0.420881 0.065894 362 3
0 0.102847 -0.148048 7.92214 0.091956 0.0258565 0.0116241 0.05544 363 3
0 0.141996 -0.147075 7.9896 0.103355 0.843179 0.142484 0.062119 364 3
0 0.223887 -0.148843 7.99784 0.0857393 0.102997 -0.220193 0.062384 365 3
